==1741687== Memcheck, a memory error detector
==1741687== Copyright (C) 2002-2017, and GNU GPL'd, by Julian Seward et al.
==1741687== Using Valgrind-3.16.1 and LibVEX; rerun with -h for copyright info
==1741687== Command: ./execs/insertion_sort_b
==1741687== 
100, 0.00015565984
200, 0.000013977833
300, 0.000028628501
400, 0.0000260455
500, 0.000044934663
600, 0.000046868838
700, 0.000048283335
800, 0.0000452055
900, 0.00006367334
1000, 0.000065778164
1100, 0.00007179533
1200, 0.00052795454
1300, 0.00008296883
1400, 0.000085378175
1500, 0.00010207683
1600, 0.00007765167
1700, 0.00008209784
1800, 0.00008716067
1900, 0.000100022175
2000, 0.000096918506
2100, 0.0001023155
2200, 0.00012527434
2300, 0.00011457616
2400, 0.000117143165
2500, 0.00012097132
2600, 0.000142635
2700, 0.00014469799
2800, 0.0001838305
2900, 0.00015548684
3000, 0.00015292066
3100, 0.00015533867
3200, 0.00015892516
3300, 0.00016124865
3400, 0.0001651225
3500, 0.00017307217
3600, 0.00017688751
3700, 0.00017997151
3800, 0.000190455
3900, 0.00019183867
4000, 0.00019322199
4100, 0.00020507566
4200, 0.00020613184
4300, 0.00021204918
4400, 0.00021735985
4500, 0.000221975
4600, 0.00023219251
4700, 0.00023400217
4800, 0.00023989916
4900, 0.00024080518
5000, 0.0002501895
5100, 0.00025011683
5200, 0.00025173515
5300, 0.00025713717
5400, 0.00043983932
5500, 0.0005555056
5600, 0.00049109047
5700, 0.00027295784
5800, 0.0002786575
5900, 0.00028578134
6000, 0.000289322
6100, 0.00029038932
6200, 0.00030013736
6300, 0.00030113567
6400, 0.00032351748
6500, 0.000314114
6600, 0.00031768053
6700, 0.0003566065
6800, 0.000332721
6900, 0.00033680833
7000, 0.00034184934
7100, 0.0003576795
7200, 0.00036774465
7300, 0.0003576795
7400, 0.00035203202
7500, 0.00040642804
7600, 0.00037521517
7700, 0.00038463334
7800, 0.000383265
7900, 0.00039259103
8000, 0.00039130918
8100, 0.00086949853
8200, 0.00040458518
8300, 0.00040827866
8400, 0.0004105375
8500, 0.00041213934
8600, 0.0004160435
8700, 0.000433775
8800, 0.00042275916
8900, 0.00044380015
9000, 0.00044209763
9100, 0.0005090573
9200, 0.00044648416
9300, 0.00044739732
9400, 0.00051428936
9500, 0.00047946585
9600, 0.00046779917
9700, 0.00054244534
9800, 0.0005677628
9900, 0.0006462477
10000, 0.000489071
10100, 0.00049315667
10200, 0.0005003953
10300, 0.0005215295
10400, 0.00050435663
10500, 0.0005548657
10600, 0.0005727083
10700, 0.0005227138
10800, 0.00051799085
10900, 0.0005272635
11000, 0.00053820736
11100, 0.00053030986
11200, 0.0005413067
11300, 0.0005450027
11400, 0.0005497695
11500, 0.001108287
11600, 0.00057516183
11700, 0.00061124534
11800, 0.0006659502
11900, 0.000586838
12000, 0.00074630027
12100, 0.0012055926
12200, 0.0012133579
12300, 0.0012302378
12400, 0.0012342944
12500, 0.0012435508
12600, 0.0012562136
12700, 0.0012596088
12800, 0.001246637
12900, 0.001274666
13000, 0.0012718148
13100, 0.0013107175
13200, 0.0010792396
13300, 0.00067568687
13400, 0.0006443995
13500, 0.00068392616
13600, 0.0006537658
13700, 0.0006625318
13800, 0.0006665485
13900, 0.00067774154
14000, 0.00067880016
14100, 0.0006909393
14200, 0.0012474798
14300, 0.0006930328
14400, 0.0007024149
14500, 0.0007278788
14600, 0.00076307065
14700, 0.00073900406
14800, 0.000806594
14900, 0.0007166481
15000, 0.0007166688
15100, 0.0007197788
15200, 0.00073291885
15300, 0.00072762504
15400, 0.0007297452
15500, 0.0007523113
15600, 0.00074677815
15700, 0.00077093055
15800, 0.00079420564
15900, 0.00079177285
16000, 0.00076638046
16100, 0.00076932035
16200, 0.00079571386
16300, 0.00078848976
16400, 0.00078203087
16500, 0.0013325559
16600, 0.00079837954
16700, 0.0007934843
16800, 0.0008405778
16900, 0.0008071293
17000, 0.00081126764
17100, 0.0008841078
17200, 0.0008175032
17300, 0.00083387014
17400, 0.0008459202
17500, 0.00084806094
17600, 0.0008504045
17700, 0.0008422227
17800, 0.00085664995
17900, 0.000907091
18000, 0.0008760528
18100, 0.0008766082
18200, 0.0008771956
18300, 0.0008866665
18400, 0.00088262965
18500, 0.0009604528
18600, 0.0014957248
18700, 0.00092438504
18800, 0.0009243829
18900, 0.0009097717
19000, 0.0009059081
19100, 0.000904794
19200, 0.0009276552
19300, 0.000917243
19400, 0.0009217807
19500, 0.0009295177
19600, 0.0009903949
19700, 0.0009971546
19800, 0.00094878185
19900, 0.0009552401
20000, 0.00096677995
20100, 0.00095902337
20200, 0.0009772682
20300, 0.0009874994
20400, 0.0010102363
20500, 0.0010242377
20600, 0.0015469383
20700, 0.0009985286
20800, 0.0010415566
20900, 0.0010136385
21000, 0.0010194115
21100, 0.001017343
21200, 0.0010522569
21300, 0.0010165585
21400, 0.0010354825
21500, 0.0010396867
21600, 0.0010333379
21700, 0.001044788
21800, 0.0010664132
21900, 0.0010934286
22000, 0.0010954533
22100, 0.0010830784
22200, 0.0010819184
22300, 0.0010791939
22400, 0.001113742
22500, 0.0010721113
22600, 0.0011256943
22700, 0.0011003258
22800, 0.0010933743
22900, 0.001116894
23000, 0.001350653
23100, 0.0011143847
23200, 0.0015934871
23300, 0.0014105622
23400, 0.0011242136
23500, 0.001189219
23600, 0.0011925545
23700, 0.0011821389
23800, 0.0011497819
23900, 0.0011754285
24000, 0.0011877652
24100, 0.0011521315
24200, 0.0017122014
24300, 0.0011780141
24400, 0.0011799562
24500, 0.0011577031
24600, 0.0012264202
24700, 0.0011863731
24800, 0.0012337391
24900, 0.0012136642
25000, 0.0012996389
==1741687== 
==1741687== HEAP SUMMARY:
==1741687==     in use at exit: 0 bytes in 0 blocks
==1741687==   total heap usage: 292 allocs, 292 frees, 12,566,917 bytes allocated
==1741687== 
==1741687== All heap blocks were freed -- no leaks are possible
==1741687== 
==1741687== For lists of detected and suppressed errors, rerun with: -s
==1741687== ERROR SUMMARY: 0 errors from 0 contexts (suppressed: 0 from 0)
